

[HYPO]
System initialized...

$ Enter program file name >>> evensum4
$ End of program reached and program loaded successfully.

$ Program counter set to 4...

========================================================================================
[MEMORY DUMP]
Input parameter string: "Dump after loading user program"

GPRs:   G0      G1      G2      G3      G4      G5      G6      G7      SP      PC      
        0       0       0       0       0       0       0       0       0       4       

Addr:   +0      +1      +2      +3      +4      +5      +6      +7      +8      +9      
0       0       100     0       0       15050   0       1       25060   1       2       
10      85000   1       4       51060   100     51160   5       55060   2       550     
20      25050   2       0       45010   2       35011   2       75000   2       34      
30      55060   3       2       0       55060   3       1       0       0       0       
40      0       0       0       0       0       0       0       0       0       0       
50      0       0       0       0       0       0       0       0       0       0       
60      0       0       0       0       0       0       0       0       0       0       
70      0       0       0       0       0       0       0       0       0       0       
80      0       0       0       0       0       0       0       0       0       0       
90      0       0       0       0       0       0       0       0       0       0       

Clock: 0
PSR: 0
========================================================================================

$ 0 HALT: Halt encountered.

========================================================================================
[MEMORY DUMP]
Input parameter string: "Dump after 159 CPU cycle(s)"

GPRs:   G0      G1      G2      G3      G4      G5      G6      G7      SP      PC      
        100     5       0       0       0       0       0       0       0       38      

Addr:   +0      +1      +2      +3      +4      +5      +6      +7      +8      +9      
0       2550    0       -100    1       15050   0       1       25060   1       2       
10      85000   1       4       51060   100     51160   5       55060   2       550     
20      25050   2       0       45010   2       35011   2       75000   2       34      
30      55060   3       2       0       55060   3       1       0       0       0       
40      0       0       0       0       0       0       0       0       0       0       
50      0       0       0       0       0       0       0       0       0       0       
60      0       0       0       0       0       0       0       0       0       0       
70      0       0       0       0       0       0       0       0       0       0       
80      0       0       0       0       0       0       0       0       0       0       
90      0       0       0       0       0       0       0       0       0       0       

Clock: 539
PSR: 0
========================================================================================

MAR: 37, MBR: 0, IR: 0


